"Plot Title: Manz. Office"
"#","Date Time, GMT+02:00","Rainfall, mm (LGR S/N: 20112199, SEN S/N: 20112199)","Coupler Detached (LGR S/N: 20112199)","Coupler Attached (LGR S/N: 20112199)","Host Connected (LGR S/N: 20112199)","End Of File (LGR S/N: 20112199)"
1,21/03/11 03:43:56 PM,0.000,,,,
2,21/03/11 03:44:03 PM,,Logged,,,
3,21/03/12 02:29:47 AM,0.254,,,,
4,21/03/12 02:29:57 AM,0.508,,,,
5,21/03/12 02:30:05 AM,0.762,,,,
6,21/03/12 02:30:12 AM,1.016,,,,
7,21/03/12 02:30:18 AM,1.270,,,,
8,21/03/12 02:30:25 AM,1.524,,,,
9,21/03/12 02:30:32 AM,1.778,,,,
10,21/03/12 02:30:39 AM,2.032,,,,
11,21/03/12 02:30:47 AM,2.286,,,,
12,21/03/12 02:30:54 AM,2.540,,,,
13,21/03/12 02:31:01 AM,2.794,,,,
14,21/03/12 02:31:09 AM,3.048,,,,
15,21/03/12 02:31:17 AM,3.302,,,,
16,21/03/12 02:31:24 AM,3.556,,,,
17,21/03/12 02:31:31 AM,3.810,,,,
18,21/03/12 02:31:40 AM,4.064,,,,
19,21/03/12 02:31:50 AM,4.318,,,,
20,21/03/12 02:32:01 AM,4.572,,,,
21,21/03/12 02:32:11 AM,4.826,,,,
22,21/03/12 02:32:21 AM,5.080,,,,
23,21/03/12 02:32:31 AM,5.334,,,,
24,21/03/12 02:32:44 AM,5.588,,,,
25,21/03/12 02:33:03 AM,5.842,,,,
26,21/03/12 02:33:16 AM,6.096,,,,
27,21/03/12 02:33:31 AM,6.350,,,,
28,21/03/12 02:35:11 AM,6.604,,,,
29,21/03/12 03:58:59 AM,6.858,,,,
30,21/03/12 04:04:28 AM,7.112,,,,
31,21/03/12 04:18:48 AM,7.366,,,,
32,21/03/12 04:30:23 AM,7.620,,,,
33,21/03/12 04:33:04 AM,7.874,,,,
34,21/03/12 04:33:34 AM,8.128,,,,
35,21/03/12 04:33:52 AM,8.382,,,,
36,21/03/12 04:34:05 AM,8.636,,,,
37,21/03/12 04:34:16 AM,8.890,,,,
38,21/03/12 04:34:29 AM,9.144,,,,
39,21/03/12 04:34:38 AM,9.398,,,,
40,21/03/12 04:34:48 AM,9.652,,,,
41,21/03/12 04:35:09 AM,9.906,,,,
42,21/03/12 04:35:59 AM,10.160,,,,
43,21/03/12 04:37:06 AM,10.414,,,,
44,21/03/12 04:40:56 AM,10.668,,,,
45,21/03/12 05:51:17 AM,10.922,,,,
46,21/03/12 05:51:49 AM,11.176,,,,
47,21/03/12 05:51:59 AM,11.430,,,,
48,21/03/12 05:52:09 AM,11.684,,,,
49,21/03/12 05:52:19 AM,11.938,,,,
50,21/03/12 05:52:28 AM,12.192,,,,
51,21/03/12 05:52:37 AM,12.446,,,,
52,21/03/12 05:52:45 AM,12.700,,,,
53,21/03/12 05:52:53 AM,12.954,,,,
54,21/03/12 05:53:01 AM,13.208,,,,
55,21/03/12 05:53:09 AM,13.462,,,,
56,21/03/12 05:53:19 AM,13.716,,,,
57,21/03/12 05:53:29 AM,13.970,,,,
58,21/03/12 05:53:39 AM,14.224,,,,
59,21/03/12 05:53:53 AM,14.478,,,,
60,21/03/12 05:54:15 AM,14.732,,,,
61,21/03/12 05:54:46 AM,14.986,,,,
62,21/03/12 05:55:09 AM,15.240,,,,
63,21/03/12 05:55:30 AM,15.494,,,,
64,21/03/12 05:55:47 AM,15.748,,,,
65,21/03/12 05:56:09 AM,16.002,,,,
66,21/03/12 05:56:32 AM,16.256,,,,
67,21/03/12 05:56:54 AM,16.510,,,,
68,21/03/12 05:57:20 AM,16.764,,,,
69,21/03/12 05:57:46 AM,17.018,,,,
70,21/03/12 05:58:12 AM,17.272,,,,
71,21/03/12 05:58:32 AM,17.526,,,,
72,21/03/12 05:58:52 AM,17.780,,,,
73,21/03/12 05:59:15 AM,18.034,,,,
74,21/03/12 05:59:32 AM,18.288,,,,
75,21/03/12 05:59:46 AM,18.542,,,,
76,21/03/12 05:59:59 AM,18.796,,,,
77,21/03/12 06:00:14 AM,19.050,,,,
78,21/03/12 06:00:29 AM,19.304,,,,
79,21/03/12 06:00:44 AM,19.558,,,,
80,21/03/12 06:01:02 AM,19.812,,,,
81,21/03/12 06:01:26 AM,20.066,,,,
82,21/03/12 06:01:54 AM,20.320,,,,
83,21/03/12 06:02:29 AM,20.574,,,,
84,21/03/12 06:03:09 AM,20.828,,,,
85,21/03/12 06:03:59 AM,21.082,,,,
86,21/03/12 06:04:56 AM,21.336,,,,
87,21/03/12 06:06:14 AM,21.590,,,,
88,21/03/12 06:07:45 AM,21.844,,,,
89,21/03/12 06:09:44 AM,22.098,,,,
90,21/03/12 06:14:19 AM,22.352,,,,
91,21/03/12 06:16:12 AM,22.606,,,,
92,21/03/12 06:17:56 AM,22.860,,,,
93,21/03/12 06:20:09 AM,23.114,,,,
94,21/03/12 06:25:14 AM,23.368,,,,
95,21/03/12 06:51:43 AM,23.622,,,,
96,21/03/12 07:25:22 AM,23.876,,,,
97,21/03/12 07:34:47 AM,24.130,,,,
98,21/03/17 07:33:14 PM,24.384,,,,
99,21/03/17 07:34:22 PM,24.638,,,,
100,21/03/17 07:35:31 PM,24.892,,,,
101,21/03/17 07:36:40 PM,25.146,,,,
102,21/03/17 07:39:23 PM,25.400,,,,
103,21/03/17 07:49:44 PM,25.654,,,,
104,21/03/17 08:13:19 PM,25.908,,,,
105,21/03/17 08:14:33 PM,26.162,,,,
106,21/03/17 08:15:39 PM,26.416,,,,
107,21/03/17 08:17:04 PM,26.670,,,,
108,21/03/17 08:18:57 PM,26.924,,,,
109,21/03/17 08:22:54 PM,27.178,,,,
110,21/03/17 08:29:10 PM,27.432,,,,
111,21/03/17 08:41:07 PM,27.686,,,,
112,21/03/17 08:53:32 PM,27.940,,,,
113,21/03/20 04:29:43 AM,28.194,,,,
114,21/03/20 04:32:41 AM,28.448,,,,
115,21/03/20 04:34:31 AM,28.702,,,,
116,21/03/20 04:35:57 AM,28.956,,,,
117,21/03/20 04:37:00 AM,29.210,,,,
118,21/03/20 04:37:42 AM,29.464,,,,
119,21/03/20 04:38:08 AM,29.718,,,,
120,21/03/20 04:38:30 AM,29.972,,,,
121,21/03/20 04:38:53 AM,30.226,,,,
122,21/03/20 04:39:12 AM,30.480,,,,
123,21/03/20 04:39:48 AM,30.734,,,,
124,21/03/20 04:41:15 AM,30.988,,,,
125,21/03/20 07:10:41 AM,31.242,,,,
126,21/03/20 07:12:56 AM,31.496,,,,
127,21/03/20 07:16:23 AM,31.750,,,,
128,21/03/20 07:20:14 AM,32.004,,,,
129,21/03/20 07:20:51 AM,32.258,,,,
130,21/03/20 07:21:46 AM,32.512,,,,
131,21/03/20 07:22:38 AM,32.766,,,,
132,21/03/20 07:23:24 AM,33.020,,,,
133,21/03/20 07:25:02 AM,33.274,,,,
134,21/03/20 07:28:16 AM,33.528,,,,
135,21/03/20 07:30:04 AM,33.782,,,,
136,21/03/20 07:31:42 AM,34.036,,,,
137,21/03/20 07:34:01 AM,34.290,,,,
138,21/03/20 07:37:03 AM,34.544,,,,
139,21/03/20 07:40:19 AM,34.798,,,,
140,21/03/20 07:40:45 AM,35.052,,,,
141,21/03/20 07:41:22 AM,35.306,,,,
142,21/03/20 07:41:48 AM,35.560,,,,
143,21/03/20 07:42:17 AM,35.814,,,,
144,21/03/20 07:42:39 AM,36.068,,,,
145,21/03/20 07:42:59 AM,36.322,,,,
146,21/03/20 07:43:23 AM,36.576,,,,
147,21/03/20 07:43:43 AM,36.830,,,,
148,21/03/20 07:44:01 AM,37.084,,,,
149,21/03/20 07:44:20 AM,37.338,,,,
150,21/03/20 07:44:39 AM,37.592,,,,
151,21/03/20 07:44:56 AM,37.846,,,,
152,21/03/20 07:45:07 AM,38.100,,,,
153,21/03/20 07:45:33 AM,38.354,,,,
154,21/03/20 07:46:09 AM,38.608,,,,
155,21/03/20 07:46:40 AM,38.862,,,,
156,21/03/20 07:47:22 AM,39.116,,,,
157,21/03/20 07:48:04 AM,39.370,,,,
158,21/03/20 07:49:05 AM,39.624,,,,
159,21/03/20 07:51:47 AM,39.878,,,,
160,21/03/21 11:06:49 PM,40.132,,,,
161,21/03/21 11:10:00 PM,40.386,,,,
162,21/03/21 11:11:35 PM,40.640,,,,
163,21/03/21 11:20:21 PM,40.894,,,,
164,21/03/25 08:27:07 PM,41.148,,,,
165,21/03/25 08:56:27 PM,41.402,,,,
166,21/03/25 10:40:43 PM,41.656,,,,
167,21/03/25 10:42:26 PM,41.910,,,,
168,21/03/25 10:43:45 PM,42.164,,,,
169,21/03/25 10:44:56 PM,42.418,,,,
170,21/03/25 10:46:36 PM,42.672,,,,
171,21/03/25 10:54:58 PM,42.926,,,,
172,21/03/25 10:58:50 PM,43.180,,,,
173,21/03/25 11:07:36 PM,43.434,,,,
174,21/03/25 11:23:26 PM,43.688,,,,
175,21/03/25 11:26:59 PM,43.942,,,,
176,21/03/25 11:29:02 PM,44.196,,,,
177,21/03/25 11:29:57 PM,44.450,,,,
178,21/03/25 11:30:44 PM,44.704,,,,
179,21/03/25 11:31:29 PM,44.958,,,,
180,21/03/25 11:33:06 PM,45.212,,,,
181,21/03/25 11:41:26 PM,45.466,,,,
182,21/03/25 11:45:18 PM,45.720,,,,
183,21/03/25 11:47:12 PM,45.974,,,,
184,21/03/25 11:48:37 PM,46.228,,,,
185,21/03/25 11:49:25 PM,46.482,,,,
186,21/03/25 11:49:51 PM,46.736,,,,
187,21/03/25 11:50:13 PM,46.990,,,,
188,21/03/25 11:50:34 PM,47.244,,,,
189,21/03/25 11:50:54 PM,47.498,,,,
190,21/03/25 11:51:15 PM,47.752,,,,
191,21/03/25 11:52:03 PM,48.006,,,,
192,21/03/25 11:53:39 PM,48.260,,,,
193,21/03/25 11:55:56 PM,48.514,,,,
194,21/03/25 11:57:34 PM,48.768,,,,
195,21/03/25 11:59:35 PM,49.022,,,,
196,21/03/26 12:01:24 AM,49.276,,,,
197,21/03/26 12:04:05 AM,49.530,,,,
198,21/03/26 12:07:12 AM,49.784,,,,
199,21/03/26 12:23:46 AM,50.038,,,,
200,21/03/26 12:32:34 AM,50.292,,,,
201,21/03/26 12:39:10 AM,50.546,,,,
202,21/03/26 12:45:34 AM,50.800,,,,
203,21/03/26 12:54:56 AM,51.054,,,,
204,21/03/26 12:57:34 AM,51.308,,,,
205,21/03/26 12:58:32 AM,51.562,,,,
206,21/03/26 12:59:08 AM,51.816,,,,
207,21/03/26 01:00:51 AM,52.070,,,,
208,21/03/26 01:03:06 AM,52.324,,,,
209,21/03/26 01:07:30 AM,52.578,,,,
210,21/03/26 01:13:38 AM,52.832,,,,
211,21/03/26 01:21:34 AM,53.086,,,,
212,21/03/26 01:25:03 AM,53.340,,,,
213,21/03/26 01:26:45 AM,53.594,,,,
214,21/03/26 01:27:54 AM,53.848,,,,
215,21/03/26 01:28:57 AM,54.102,,,,
216,21/03/26 01:30:18 AM,54.356,,,,
217,21/03/26 01:32:56 AM,54.610,,,,
218,21/03/26 01:34:43 AM,54.864,,,,
219,21/03/26 01:37:48 AM,55.118,,,,
220,21/03/26 01:40:31 AM,55.372,,,,
221,21/03/26 01:43:27 AM,55.626,,,,
222,21/03/26 01:46:54 AM,55.880,,,,
223,21/03/26 01:48:52 AM,56.134,,,,
224,21/03/26 01:49:36 AM,56.388,,,,
225,21/03/26 01:50:21 AM,56.642,,,,
226,21/03/26 01:50:49 AM,56.896,,,,
227,21/03/26 01:51:21 AM,57.150,,,,
228,21/03/26 01:52:03 AM,57.404,,,,
229,21/03/26 01:52:59 AM,57.658,,,,
230,21/03/26 01:54:22 AM,57.912,,,,
231,21/03/26 01:56:13 AM,58.166,,,,
232,21/03/26 01:58:06 AM,58.420,,,,
233,21/03/26 02:00:48 AM,58.674,,,,
234,21/03/26 02:02:49 AM,58.928,,,,
235,21/03/26 02:05:26 AM,59.182,,,,
236,21/03/26 02:08:04 AM,59.436,,,,
237,21/03/26 02:09:00 AM,59.690,,,,
238,21/03/26 02:09:24 AM,59.944,,,,
239,21/03/26 02:10:00 AM,60.198,,,,
240,21/03/26 02:10:38 AM,60.452,,,,
241,21/03/26 02:11:16 AM,60.706,,,,
242,21/03/26 02:12:17 AM,60.960,,,,
243,21/03/26 02:13:08 AM,61.214,,,,
244,21/03/26 02:13:45 AM,61.468,,,,
245,21/03/26 02:15:32 AM,61.722,,,,
246,21/03/26 02:16:26 AM,61.976,,,,
247,21/03/26 02:17:30 AM,62.230,,,,
248,21/03/26 02:18:38 AM,62.484,,,,
249,21/03/26 02:19:21 AM,62.738,,,,
250,21/03/26 02:19:47 AM,62.992,,,,
251,21/03/26 02:20:26 AM,63.246,,,,
252,21/03/26 02:21:19 AM,63.500,,,,
253,21/03/26 02:21:50 AM,63.754,,,,
254,21/03/26 02:22:18 AM,64.008,,,,
255,21/03/26 02:22:50 AM,64.262,,,,
256,21/03/26 02:23:13 AM,64.516,,,,
257,21/03/26 02:23:46 AM,64.770,,,,
258,21/03/26 02:24:31 AM,65.024,,,,
259,21/03/26 02:25:14 AM,65.278,,,,
260,21/03/26 02:26:00 AM,65.532,,,,
261,21/03/26 02:27:11 AM,65.786,,,,
262,21/03/26 02:28:18 AM,66.040,,,,
263,21/03/26 02:29:49 AM,66.294,,,,
264,21/03/26 02:30:59 AM,66.548,,,,
265,21/03/26 02:31:46 AM,66.802,,,,
266,21/03/26 02:32:18 AM,67.056,,,,
267,21/03/26 02:32:49 AM,67.310,,,,
268,21/03/26 02:33:24 AM,67.564,,,,
269,21/03/26 02:34:27 AM,67.818,,,,
270,21/03/26 02:36:01 AM,68.072,,,,
271,21/03/26 02:38:18 AM,68.326,,,,
272,21/03/26 03:46:19 AM,68.580,,,,
273,21/03/27 07:28:03 PM,68.834,,,,
274,21/03/27 07:28:24 PM,69.088,,,,
275,21/03/27 07:28:37 PM,69.342,,,,
276,21/03/27 07:28:47 PM,69.596,,,,
277,21/03/27 07:28:58 PM,69.850,,,,
278,21/03/27 07:29:12 PM,70.104,,,,
279,21/03/27 07:29:25 PM,70.358,,,,
280,21/03/27 07:29:42 PM,70.612,,,,
281,21/03/27 07:30:11 PM,70.866,,,,
282,21/03/27 07:30:30 PM,71.120,,,,
283,21/03/27 07:30:40 PM,71.374,,,,
284,21/03/27 07:30:48 PM,71.628,,,,
285,21/03/27 07:30:57 PM,71.882,,,,
286,21/03/27 07:31:06 PM,72.136,,,,
287,21/03/27 07:31:26 PM,72.390,,,,
288,21/03/27 07:31:38 PM,72.644,,,,
289,21/03/27 07:31:50 PM,72.898,,,,
290,21/03/27 07:32:02 PM,73.152,,,,
291,21/03/27 07:32:11 PM,73.406,,,,
292,21/03/27 07:32:19 PM,73.660,,,,
293,21/03/27 07:32:26 PM,73.914,,,,
294,21/03/27 07:32:43 PM,74.168,,,,
295,21/03/27 07:37:57 PM,74.422,,,,
296,21/03/27 07:38:12 PM,74.676,,,,
297,21/03/27 07:39:08 PM,74.930,,,,
298,21/03/27 10:15:12 PM,75.184,,,,
299,21/03/27 10:26:57 PM,75.438,,,,
300,21/03/27 10:32:12 PM,75.692,,,,
301,21/03/28 05:06:33 PM,75.946,,,,
302,21/03/28 05:10:07 PM,76.200,,,,
303,21/03/28 05:12:34 PM,76.454,,,,
304,21/03/28 05:14:56 PM,76.708,,,,
305,21/03/28 05:23:04 PM,76.962,,,,
306,21/03/28 05:34:44 PM,77.216,,,,
307,21/03/28 05:37:38 PM,77.470,,,,
308,21/03/28 05:39:19 PM,77.724,,,,
309,21/03/28 05:40:42 PM,77.978,,,,
310,21/03/28 05:41:29 PM,78.232,,,,
311,21/03/28 05:42:03 PM,78.486,,,,
312,21/03/28 05:43:17 PM,78.740,,,,
313,21/03/28 05:50:06 PM,78.994,,,,
314,21/03/28 05:55:52 PM,79.248,,,,
315,21/03/28 05:56:15 PM,79.502,,,,
316,21/03/28 05:56:37 PM,79.756,,,,
317,21/03/28 05:56:57 PM,80.010,,,,
318,21/03/28 05:57:16 PM,80.264,,,,
319,21/03/28 05:57:29 PM,80.518,,,,
320,21/03/28 05:57:42 PM,80.772,,,,
321,21/03/28 05:57:59 PM,81.026,,,,
322,21/03/28 05:58:25 PM,81.280,,,,
323,21/03/28 05:59:45 PM,81.534,,,,
324,21/03/28 06:08:14 PM,81.788,,,,
325,21/03/28 06:09:16 PM,82.042,,,,
326,21/03/28 06:11:31 PM,82.296,,,,
327,21/03/28 06:12:23 PM,82.550,,,,
328,21/03/28 06:14:40 PM,82.804,,,,
329,21/03/28 06:15:59 PM,83.058,,,,
330,21/03/28 06:16:45 PM,83.312,,,,
331,21/03/28 06:17:48 PM,83.566,,,,
332,21/03/28 06:18:57 PM,83.820,,,,
333,21/03/28 06:24:12 PM,84.074,,,,
334,21/03/28 06:24:53 PM,84.328,,,,
335,21/03/28 06:29:53 PM,84.582,,,,
336,21/03/28 06:42:20 PM,84.836,,,,
337,21/04/03 03:02:20 PM,85.090,,,,
338,21/04/14 03:24:28 PM,,,Logged,,
339,21/04/14 03:24:41 PM,,,,Logged,
340,21/04/14 03:25:18 PM,,Logged,,,
341,21/04/14 03:25:33 PM,85.344,,,,
342,21/04/16 06:35:50 AM,85.598,,,,
343,21/04/16 08:48:08 AM,85.852,,,,
344,21/04/16 03:47:32 PM,86.106,,,,
345,21/04/16 08:58:18 PM,86.360,,,,
346,21/04/16 10:25:15 PM,86.614,,,,
347,21/04/16 10:31:18 PM,86.868,,,,
348,21/04/17 12:18:23 AM,87.122,,,,
349,21/04/17 01:37:28 AM,87.376,,,,
350,21/04/17 02:45:29 AM,87.630,,,,
351,21/04/17 03:21:23 AM,87.884,,,,
352,21/04/17 03:22:29 AM,88.138,,,,
353,21/04/17 03:24:51 AM,88.392,,,,
354,21/04/17 03:29:44 AM,88.646,,,,
355,21/04/17 03:31:03 AM,88.900,,,,
356,21/04/17 03:31:19 AM,89.154,,,,
357,21/04/17 03:31:36 AM,89.408,,,,
358,21/04/17 03:32:02 AM,89.662,,,,
359,21/04/17 03:32:18 AM,89.916,,,,
360,21/04/17 04:03:40 AM,90.170,,,,
361,21/04/17 07:39:50 AM,90.424,,,,
362,21/04/17 07:41:51 AM,90.678,,,,
363,21/04/20 04:03:39 AM,90.932,,,,
364,21/04/20 04:04:17 AM,91.186,,,,
365,21/04/20 04:04:48 AM,91.440,,,,
366,21/04/20 04:05:13 AM,91.694,,,,
367,21/04/20 04:05:35 AM,91.948,,,,
368,21/04/20 04:05:48 AM,92.202,,,,
369,21/04/20 04:06:03 AM,92.456,,,,
370,21/04/20 04:06:20 AM,92.710,,,,
371,21/04/20 04:06:43 AM,92.964,,,,
372,21/04/20 04:07:10 AM,93.218,,,,
373,21/04/20 04:07:45 AM,93.472,,,,
374,21/04/20 04:08:41 AM,93.726,,,,
375,21/04/20 04:10:13 AM,93.980,,,,
376,21/04/20 04:10:47 AM,94.234,,,,
377,21/04/20 04:11:21 AM,94.488,,,,
378,21/04/20 04:11:59 AM,94.742,,,,
379,21/04/20 04:14:02 AM,94.996,,,,
380,21/04/20 04:14:54 AM,95.250,,,,
381,21/04/20 04:15:16 AM,95.504,,,,
382,21/04/20 04:15:35 AM,95.758,,,,
383,21/04/20 04:15:57 AM,96.012,,,,
384,21/04/20 04:16:24 AM,96.266,,,,
385,21/04/20 04:16:55 AM,96.520,,,,
386,21/04/20 04:18:20 AM,96.774,,,,
387,21/04/20 04:20:17 AM,97.028,,,,
388,21/04/20 04:21:18 AM,97.282,,,,
389,21/04/20 04:21:48 AM,97.536,,,,
390,21/04/20 04:22:14 AM,97.790,,,,
391,21/04/20 04:25:04 AM,98.044,,,,
392,21/04/20 04:25:25 AM,98.298,,,,
393,21/04/20 04:26:37 AM,98.552,,,,
394,21/04/20 04:29:16 AM,98.806,,,,
395,21/04/20 04:30:02 AM,99.060,,,,
396,21/04/20 04:30:25 AM,99.314,,,,
397,21/04/20 04:30:42 AM,99.568,,,,
398,21/04/20 04:31:02 AM,99.822,,,,
399,21/04/20 04:31:19 AM,100.076,,,,
400,21/04/20 04:32:33 AM,100.330,,,,
401,21/04/20 04:33:30 AM,100.584,,,,
402,21/04/20 04:33:40 AM,100.838,,,,
403,21/04/20 04:33:51 AM,101.092,,,,
404,21/04/20 04:34:04 AM,101.346,,,,
405,21/04/20 04:34:17 AM,101.600,,,,
406,21/04/20 04:34:32 AM,101.854,,,,
407,21/04/20 04:34:48 AM,102.108,,,,
408,21/04/20 04:35:03 AM,102.362,,,,
409,21/04/20 04:35:38 AM,102.616,,,,
410,21/04/20 04:36:09 AM,102.870,,,,
411,21/04/20 04:36:39 AM,103.124,,,,
412,21/04/20 04:37:07 AM,103.378,,,,
413,21/04/20 04:37:36 AM,103.632,,,,
414,21/04/20 04:38:47 AM,103.886,,,,
415,21/04/20 04:40:15 AM,104.140,,,,
416,21/04/20 04:42:08 AM,104.394,,,,
417,21/04/20 04:46:07 AM,104.648,,,,
418,21/04/20 04:48:41 AM,104.902,,,,
419,21/04/20 04:49:21 AM,105.156,,,,
420,21/04/20 04:49:31 AM,105.410,,,,
421,21/04/20 04:49:40 AM,105.664,,,,
422,21/04/20 04:49:50 AM,105.918,,,,
423,21/04/20 04:50:09 AM,106.172,,,,
424,21/04/20 04:50:27 AM,106.426,,,,
425,21/04/20 04:50:47 AM,106.680,,,,
426,21/04/20 04:51:06 AM,106.934,,,,
427,21/04/20 04:51:34 AM,107.188,,,,
428,21/04/20 04:51:53 AM,107.442,,,,
429,21/04/20 04:52:15 AM,107.696,,,,
430,21/04/20 04:52:43 AM,107.950,,,,
431,21/04/20 04:52:58 AM,108.204,,,,
432,21/04/20 04:53:14 AM,108.458,,,,
433,21/04/20 04:53:34 AM,108.712,,,,
434,21/04/20 04:53:57 AM,108.966,,,,
435,21/04/20 04:54:27 AM,109.220,,,,
436,21/04/20 04:54:48 AM,109.474,,,,
437,21/04/20 04:55:13 AM,109.728,,,,
438,21/04/20 04:55:33 AM,109.982,,,,
439,21/04/20 04:55:47 AM,110.236,,,,
440,21/04/20 04:55:58 AM,110.490,,,,
441,21/04/20 04:56:10 AM,110.744,,,,
442,21/04/20 04:56:24 AM,110.998,,,,
443,21/04/20 04:56:36 AM,111.252,,,,
444,21/04/20 04:56:51 AM,111.506,,,,
445,21/04/20 04:57:05 AM,111.760,,,,
446,21/04/20 04:57:20 AM,112.014,,,,
447,21/04/20 04:57:44 AM,112.268,,,,
448,21/04/20 04:58:12 AM,112.522,,,,
449,21/04/20 04:58:39 AM,112.776,,,,
450,21/04/20 04:59:04 AM,113.030,,,,
451,21/04/20 04:59:28 AM,113.284,,,,
452,21/04/20 04:59:47 AM,113.538,,,,
453,21/04/20 05:00:37 AM,113.792,,,,
454,21/04/20 05:00:55 AM,114.046,,,,
455,21/04/20 05:01:13 AM,114.300,,,,
456,21/04/20 05:01:35 AM,114.554,,,,
457,21/04/20 05:01:48 AM,114.808,,,,
458,21/04/20 05:02:01 AM,115.062,,,,
459,21/04/20 05:02:12 AM,115.316,,,,
460,21/04/20 05:02:25 AM,115.570,,,,
461,21/04/20 05:02:39 AM,115.824,,,,
462,21/04/20 05:02:54 AM,116.078,,,,
463,21/04/20 05:03:12 AM,116.332,,,,
464,21/04/20 05:03:26 AM,116.586,,,,
465,21/04/20 05:03:41 AM,116.840,,,,
466,21/04/20 05:03:55 AM,117.094,,,,
467,21/04/20 05:04:14 AM,117.348,,,,
468,21/04/20 05:04:29 AM,117.602,,,,
469,21/04/20 05:04:46 AM,117.856,,,,
470,21/04/20 05:05:00 AM,118.110,,,,
471,21/04/20 05:05:18 AM,118.364,,,,
472,21/04/20 05:05:33 AM,118.618,,,,
473,21/04/20 05:05:49 AM,118.872,,,,
474,21/04/20 05:06:07 AM,119.126,,,,
475,21/04/20 05:06:38 AM,119.380,,,,
476,21/04/20 05:07:02 AM,119.634,,,,
477,21/04/20 05:07:21 AM,119.888,,,,
478,21/04/20 05:07:38 AM,120.142,,,,
479,21/04/20 05:07:51 AM,120.396,,,,
480,21/04/20 05:08:02 AM,120.650,,,,
481,21/04/20 05:08:14 AM,120.904,,,,
482,21/04/20 05:08:27 AM,121.158,,,,
483,21/04/20 05:08:45 AM,121.412,,,,
484,21/04/20 05:09:02 AM,121.666,,,,
485,21/04/20 05:09:20 AM,121.920,,,,
486,21/04/20 05:09:34 AM,122.174,,,,
487,21/04/20 05:09:48 AM,122.428,,,,
488,21/04/20 05:10:06 AM,122.682,,,,
489,21/04/20 05:10:23 AM,122.936,,,,
490,21/04/20 05:10:50 AM,123.190,,,,
491,21/04/20 05:11:29 AM,123.444,,,,
492,21/04/20 05:15:18 AM,123.698,,,,
493,21/04/20 05:22:29 AM,123.952,,,,
494,21/04/20 05:32:59 AM,124.206,,,,
495,21/04/20 05:33:14 AM,124.460,,,,
496,21/04/20 05:33:29 AM,124.714,,,,
497,21/04/20 05:33:43 AM,124.968,,,,
498,21/04/20 05:34:10 AM,125.222,,,,
499,21/04/20 05:34:25 AM,125.476,,,,
500,21/04/20 05:34:42 AM,125.730,,,,
501,21/04/20 05:35:00 AM,125.984,,,,
502,21/04/20 05:35:20 AM,126.238,,,,
503,21/04/20 05:35:38 AM,126.492,,,,
504,21/04/20 05:36:00 AM,126.746,,,,
505,21/04/20 05:36:26 AM,127.000,,,,
506,21/04/20 05:37:02 AM,127.254,,,,
507,21/04/20 05:37:47 AM,127.508,,,,
508,21/04/20 05:38:14 AM,127.762,,,,
509,21/04/20 05:38:28 AM,128.016,,,,
510,21/04/20 05:38:50 AM,128.270,,,,
511,21/04/20 05:39:17 AM,128.524,,,,
512,21/04/20 05:40:44 AM,128.778,,,,
513,21/04/20 05:45:51 AM,129.032,,,,
514,21/04/20 05:46:24 AM,129.286,,,,
515,21/04/20 05:47:26 AM,129.540,,,,
516,21/04/20 05:48:27 AM,129.794,,,,
517,21/04/20 05:48:50 AM,130.048,,,,
518,21/04/20 05:49:16 AM,130.302,,,,
519,21/04/20 05:49:49 AM,130.556,,,,
520,21/04/20 05:50:20 AM,130.810,,,,
521,21/04/20 05:50:40 AM,131.064,,,,
522,21/04/20 05:51:00 AM,131.318,,,,
523,21/04/20 05:51:20 AM,131.572,,,,
524,21/04/20 05:51:38 AM,131.826,,,,
525,21/04/20 05:51:55 AM,132.080,,,,
526,21/04/20 05:52:18 AM,132.334,,,,
527,21/04/20 05:52:43 AM,132.588,,,,
528,21/04/20 05:53:28 AM,132.842,,,,
529,21/04/20 05:54:55 AM,133.096,,,,
530,21/04/20 05:56:48 AM,133.350,,,,
531,21/04/20 06:04:34 AM,133.604,,,,
532,21/04/20 08:17:33 AM,133.858,,,,
533,21/04/20 08:23:55 AM,134.112,,,,
534,21/04/20 08:29:42 AM,134.366,,,,
535,21/04/20 08:31:37 AM,134.620,,,,
536,21/04/20 08:33:57 AM,134.874,,,,
537,21/04/20 08:45:58 AM,135.128,,,,
538,21/04/20 08:49:48 AM,135.382,,,,
539,21/04/20 09:05:44 AM,135.636,,,,
540,21/04/22 11:25:29 PM,135.890,,,,
541,21/04/22 11:26:13 PM,136.144,,,,
542,21/04/22 11:26:39 PM,136.398,,,,
543,21/04/22 11:26:58 PM,136.652,,,,
544,21/04/22 11:27:28 PM,136.906,,,,
545,21/04/22 11:27:49 PM,137.160,,,,
546,21/04/22 11:28:08 PM,137.414,,,,
547,21/04/22 11:28:24 PM,137.668,,,,
548,21/04/22 11:28:35 PM,137.922,,,,
549,21/04/22 11:28:47 PM,138.176,,,,
550,21/04/22 11:29:03 PM,138.430,,,,
551,21/04/22 11:29:18 PM,138.684,,,,
552,21/04/22 11:29:33 PM,138.938,,,,
553,21/04/22 11:29:49 PM,139.192,,,,
554,21/04/22 11:30:04 PM,139.446,,,,
555,21/04/22 11:30:18 PM,139.700,,,,
556,21/04/22 11:30:37 PM,139.954,,,,
557,21/04/22 11:30:57 PM,140.208,,,,
558,21/04/22 11:31:14 PM,140.462,,,,
559,21/04/22 11:31:36 PM,140.716,,,,
560,21/04/22 11:32:01 PM,140.970,,,,
561,21/04/22 11:32:31 PM,141.224,,,,
562,21/04/22 11:33:11 PM,141.478,,,,
563,21/04/22 11:33:59 PM,141.732,,,,
564,21/04/22 11:34:59 PM,141.986,,,,
565,21/04/22 11:35:43 PM,142.240,,,,
566,21/04/22 11:36:17 PM,142.494,,,,
567,21/04/22 11:36:48 PM,142.748,,,,
568,21/04/22 11:37:20 PM,143.002,,,,
569,21/04/22 11:37:54 PM,143.256,,,,
570,21/04/22 11:38:47 PM,143.510,,,,
571,21/04/22 11:39:53 PM,143.764,,,,
572,21/04/22 11:41:05 PM,144.018,,,,
573,21/04/22 11:44:56 PM,144.272,,,,
574,21/04/22 11:49:37 PM,144.526,,,,
575,21/04/22 11:51:57 PM,144.780,,,,
576,21/04/22 11:53:57 PM,145.034,,,,
577,21/04/22 11:55:23 PM,145.288,,,,
578,21/04/22 11:56:37 PM,145.542,,,,
579,21/04/23 12:09:52 AM,145.796,,,,
580,21/04/23 12:15:56 AM,146.050,,,,
581,21/04/23 12:16:23 AM,146.304,,,,
582,21/04/23 12:16:49 AM,146.558,,,,
583,21/04/23 12:17:20 AM,146.812,,,,
584,21/04/23 12:18:06 AM,147.066,,,,
585,21/04/23 12:20:58 AM,147.320,,,,
586,21/04/23 12:54:29 AM,147.574,,,,
587,21/04/23 01:03:26 AM,147.828,,,,
588,21/04/23 01:07:02 AM,148.082,,,,
589,21/04/23 01:10:50 AM,148.336,,,,
590,21/04/23 01:15:40 AM,148.590,,,,
591,21/04/23 01:23:10 AM,148.844,,,,
592,21/04/23 01:30:11 AM,149.098,,,,
593,21/04/23 01:44:23 AM,149.352,,,,
594,21/04/30 01:08:17 PM,149.606,,,,
595,21/04/30 01:09:58 PM,149.860,,,,
596,21/04/30 01:12:25 PM,150.114,,,,
597,21/04/30 01:21:48 PM,150.368,,,,
598,21/04/30 01:39:53 PM,150.622,,,,
599,21/05/01 02:54:47 AM,150.876,,,,
600,21/05/01 03:26:38 AM,151.130,,,,
601,21/05/01 03:42:53 AM,151.384,,,,
602,21/05/01 03:52:45 AM,151.638,,,,
603,21/05/01 03:59:08 AM,151.892,,,,
604,21/05/01 04:04:40 AM,152.146,,,,
605,21/05/01 04:18:27 AM,152.400,,,,
606,21/05/01 04:58:19 AM,152.654,,,,
607,21/05/02 01:04:48 AM,152.908,,,,
608,21/05/02 02:41:50 AM,153.162,,,,
609,21/05/02 05:43:44 AM,153.416,,,,
610,21/05/08 03:29:21 AM,153.670,,,,
611,21/05/09 02:09:16 AM,153.924,,,,
612,21/05/09 02:09:39 AM,154.178,,,,
613,21/05/09 02:10:10 AM,154.432,,,,
614,21/05/09 02:10:46 AM,154.686,,,,
615,21/05/09 02:11:20 AM,154.940,,,,
616,21/05/09 02:11:34 AM,155.194,,,,
617,21/05/09 02:11:47 AM,155.448,,,,
618,21/05/09 02:12:01 AM,155.702,,,,
619,21/05/09 02:12:14 AM,155.956,,,,
620,21/05/09 02:12:25 AM,156.210,,,,
621,21/05/09 02:12:34 AM,156.464,,,,
622,21/05/09 02:12:47 AM,156.718,,,,
623,21/05/09 02:12:55 AM,156.972,,,,
624,21/05/09 02:13:03 AM,157.226,,,,
625,21/05/09 02:13:11 AM,157.480,,,,
626,21/05/09 02:13:21 AM,157.734,,,,
627,21/05/09 02:13:29 AM,157.988,,,,
628,21/05/09 02:13:38 AM,158.242,,,,
629,21/05/09 02:13:47 AM,158.496,,,,
630,21/05/09 02:13:57 AM,158.750,,,,
631,21/05/09 02:14:04 AM,159.004,,,,
632,21/05/09 02:14:13 AM,159.258,,,,
633,21/05/09 02:14:22 AM,159.512,,,,
634,21/05/09 02:14:30 AM,159.766,,,,
635,21/05/09 02:14:36 AM,160.020,,,,
636,21/05/09 02:14:44 AM,160.274,,,,
637,21/05/09 02:14:52 AM,160.528,,,,
638,21/05/09 02:15:00 AM,160.782,,,,
639,21/05/09 02:15:08 AM,161.036,,,,
640,21/05/09 02:15:17 AM,161.290,,,,
641,21/05/09 02:15:25 AM,161.544,,,,
642,21/05/09 02:15:34 AM,161.798,,,,
643,21/05/09 02:15:43 AM,162.052,,,,
644,21/05/09 02:15:50 AM,162.306,,,,
645,21/05/09 02:15:58 AM,162.560,,,,
646,21/05/09 02:16:06 AM,162.814,,,,
647,21/05/09 02:16:13 AM,163.068,,,,
648,21/05/09 02:16:20 AM,163.322,,,,
649,21/05/09 02:16:26 AM,163.576,,,,
650,21/05/09 02:16:33 AM,163.830,,,,
651,21/05/09 02:16:40 AM,164.084,,,,
652,21/05/09 02:16:46 AM,164.338,,,,
653,21/05/09 02:16:54 AM,164.592,,,,
654,21/05/09 02:17:01 AM,164.846,,,,
655,21/05/09 02:17:08 AM,165.100,,,,
656,21/05/09 02:17:15 AM,165.354,,,,
657,21/05/09 02:17:23 AM,165.608,,,,
658,21/05/09 02:17:32 AM,165.862,,,,
659,21/05/09 02:17:41 AM,166.116,,,,
660,21/05/09 02:17:51 AM,166.370,,,,
661,21/05/09 02:18:00 AM,166.624,,,,
662,21/05/09 02:18:13 AM,166.878,,,,
663,21/05/09 02:18:24 AM,167.132,,,,
664,21/05/09 02:18:35 AM,167.386,,,,
665,21/05/09 02:18:48 AM,167.640,,,,
666,21/05/09 02:19:05 AM,167.894,,,,
667,21/05/09 02:19:25 AM,168.148,,,,
668,21/05/09 02:19:44 AM,168.402,,,,
669,21/05/09 02:20:07 AM,168.656,,,,
670,21/05/09 02:20:26 AM,168.910,,,,
671,21/05/09 02:20:44 AM,169.164,,,,
672,21/05/09 02:21:00 AM,169.418,,,,
673,21/05/09 02:21:15 AM,169.672,,,,
674,21/05/09 02:21:29 AM,169.926,,,,
675,21/05/09 02:21:41 AM,170.180,,,,
676,21/05/09 02:21:53 AM,170.434,,,,
677,21/05/09 02:22:05 AM,170.688,,,,
678,21/05/09 02:22:15 AM,170.942,,,,
679,21/05/09 02:22:25 AM,171.196,,,,
680,21/05/09 02:22:36 AM,171.450,,,,
681,21/05/09 02:22:44 AM,171.704,,,,
682,21/05/09 02:22:57 AM,171.958,,,,
683,21/05/09 02:23:11 AM,172.212,,,,
684,21/05/09 02:23:25 AM,172.466,,,,
685,21/05/09 02:23:41 AM,172.720,,,,
686,21/05/09 02:23:55 AM,172.974,,,,
687,21/05/09 02:24:11 AM,173.228,,,,
688,21/05/09 02:24:27 AM,173.482,,,,
689,21/05/09 02:24:46 AM,173.736,,,,
690,21/05/09 02:25:05 AM,173.990,,,,
691,21/05/09 02:25:23 AM,174.244,,,,
692,21/05/09 02:25:39 AM,174.498,,,,
693,21/05/09 02:25:58 AM,174.752,,,,
694,21/05/09 02:26:25 AM,175.006,,,,
695,21/05/09 02:26:45 AM,175.260,,,,
696,21/05/09 02:27:06 AM,175.514,,,,
697,21/05/09 02:27:28 AM,175.768,,,,
698,21/05/09 02:27:50 AM,176.022,,,,
699,21/05/09 02:28:14 AM,176.276,,,,
700,21/05/09 02:28:31 AM,176.530,,,,
701,21/05/09 02:28:48 AM,176.784,,,,
702,21/05/09 02:29:03 AM,177.038,,,,
703,21/05/09 02:29:17 AM,177.292,,,,
704,21/05/09 02:29:26 AM,177.546,,,,
705,21/05/09 02:29:35 AM,177.800,,,,
706,21/05/09 02:29:45 AM,178.054,,,,
707,21/05/09 02:29:57 AM,178.308,,,,
708,21/05/09 02:30:13 AM,178.562,,,,
709,21/05/09 02:30:25 AM,178.816,,,,
710,21/05/09 02:30:39 AM,179.070,,,,
711,21/05/09 02:30:53 AM,179.324,,,,
712,21/05/09 02:31:03 AM,179.578,,,,
713,21/05/09 02:31:14 AM,179.832,,,,
714,21/05/09 02:31:23 AM,180.086,,,,
715,21/05/09 02:31:35 AM,180.340,,,,
716,21/05/09 02:31:48 AM,180.594,,,,
717,21/05/09 02:32:04 AM,180.848,,,,
718,21/05/09 02:32:21 AM,181.102,,,,
719,21/05/09 02:32:45 AM,181.356,,,,
720,21/05/09 02:33:03 AM,181.610,,,,
721,21/05/09 02:33:25 AM,181.864,,,,
722,21/05/09 02:33:44 AM,182.118,,,,
723,21/05/09 02:34:04 AM,182.372,,,,
724,21/05/09 02:34:18 AM,182.626,,,,
725,21/05/09 02:34:30 AM,182.880,,,,
726,21/05/09 02:34:49 AM,183.134,,,,
727,21/05/09 02:35:11 AM,183.388,,,,
728,21/05/09 02:35:25 AM,183.642,,,,
729,21/05/09 02:35:37 AM,183.896,,,,
730,21/05/09 02:35:47 AM,184.150,,,,
731,21/05/09 02:35:59 AM,184.404,,,,
732,21/05/09 02:36:13 AM,184.658,,,,
733,21/05/09 02:36:27 AM,184.912,,,,
734,21/05/09 02:36:43 AM,185.166,,,,
735,21/05/09 02:37:07 AM,185.420,,,,
736,21/05/09 02:37:29 AM,185.674,,,,
737,21/05/09 02:37:44 AM,185.928,,,,
738,21/05/09 02:37:57 AM,186.182,,,,
739,21/05/09 02:38:10 AM,186.436,,,,
740,21/05/09 02:38:24 AM,186.690,,,,
741,21/05/09 02:38:36 AM,186.944,,,,
742,21/05/09 02:38:51 AM,187.198,,,,
743,21/05/09 02:39:07 AM,187.452,,,,
744,21/05/09 02:39:21 AM,187.706,,,,
745,21/05/09 02:39:37 AM,187.960,,,,
746,21/05/09 02:39:53 AM,188.214,,,,
747,21/05/09 02:40:06 AM,188.468,,,,
748,21/05/09 02:40:20 AM,188.722,,,,
749,21/05/09 02:40:35 AM,188.976,,,,
750,21/05/09 02:40:51 AM,189.230,,,,
751,21/05/09 02:41:08 AM,189.484,,,,
752,21/05/09 02:41:25 AM,189.738,,,,
753,21/05/09 02:41:42 AM,189.992,,,,
754,21/05/09 02:41:54 AM,190.246,,,,
755,21/05/09 02:42:06 AM,190.500,,,,
756,21/05/09 02:42:17 AM,190.754,,,,
757,21/05/09 02:42:30 AM,191.008,,,,
758,21/05/09 02:42:42 AM,191.262,,,,
759,21/05/09 02:42:56 AM,191.516,,,,
760,21/05/09 02:43:11 AM,191.770,,,,
761,21/05/09 02:43:25 AM,192.024,,,,
762,21/05/09 02:43:39 AM,192.278,,,,
763,21/05/09 02:43:56 AM,192.532,,,,
764,21/05/09 02:44:15 AM,192.786,,,,
765,21/05/09 02:44:32 AM,193.040,,,,
766,21/05/09 02:44:51 AM,193.294,,,,
767,21/05/09 02:45:08 AM,193.548,,,,
768,21/05/09 02:45:26 AM,193.802,,,,
769,21/05/09 02:45:49 AM,194.056,,,,
770,21/05/09 02:46:16 AM,194.310,,,,
771,21/05/09 02:46:40 AM,194.564,,,,
772,21/05/09 02:47:07 AM,194.818,,,,
773,21/05/09 02:47:32 AM,195.072,,,,
774,21/05/09 02:48:00 AM,195.326,,,,
775,21/05/09 02:48:26 AM,195.580,,,,
776,21/05/09 02:48:46 AM,195.834,,,,
777,21/05/09 02:49:05 AM,196.088,,,,
778,21/05/09 02:49:22 AM,196.342,,,,
779,21/05/09 02:49:38 AM,196.596,,,,
780,21/05/09 02:49:55 AM,196.850,,,,
781,21/05/09 02:50:36 AM,197.104,,,,
782,21/05/09 02:52:55 AM,197.358,,,,
783,21/05/09 03:04:19 AM,197.612,,,,
784,21/05/13 02:21:41 PM,,,Logged,,
785,21/05/13 02:21:48 PM,,,,Logged,
786,21/05/13 02:21:54 PM,197.612,,,,Logged
